500 52.892826 2.000000 523
1000 33.375465 1.904762 1085
1500 25.664385 1.961538 1590
2000 20.276501 2.000000 2145
2500 17.590279 1.914286 2745
3000 15.271951 1.928571 3368
3500 13.857942 2.000000 3922
4000 12.867310 2.000000 4430
4500 11.854202 1.903226 5007
5000 11.056368 1.950000 5556
5500 10.301477 1.925926 6063
6000 9.710408 2.000000 6635
6500 9.067905 1.933333 7218
7000 8.525657 1.875000 7848
7500 8.110844 2.071429 8352
8000 7.746357 2.000000 8914
8500 7.421021 2.111111 9418
9000 7.136127 1.941176 9925
9500 6.880764 1.838710 10422
10000 6.619915 1.933333 10921
10500 6.366417 1.961538 11493
11000 6.114913 1.947368 12100
11500 5.906946 1.947368 12760
12000 5.717969 1.931034 13398
12500 5.543211 1.965517 14026
13000 5.388269 2.117647 14514
13500 5.207256 1.948718 15036
14000 5.052597 1.960000 15594
14500 4.897882 1.954545 16218
15000 4.752115 2.000000 16718
15500 4.625728 1.870968 17227
16000 4.509861 1.857143 17710
16500 4.412407 2.000000 18370
17000 4.310949 1.916667 18993
17500 4.208474 1.960000 19640
18000 4.103340 2.000000 20238
18500 4.022911 1.964286 20734
19000 3.949228 1.964286 21322
19500 3.871992 1.964286 21822
20000 3.799021 1.923077 22320
20500 3.726950 1.807692 22820
21000 3.659295 1.857143 23315
21500 3.591925 1.962963 23890
22000 3.530331 2.000000 24452
22500 3.468569 2.000000 25025
23000 3.413382 1.931034 25683
23500 3.347852 1.920000 26314
24000 3.283948 1.965517 26912
24500 3.235252 1.933333 27539
25000 3.189220 1.823529 28125
25500 3.141849 1.967742 28701
26000 3.098681 2.034483 29199
26500 3.056687 1.928571 29743
27000 3.007915 1.965517 30322
27500 2.965739 1.962963 30876
28000 2.922096 2.000000 31525
28500 2.875624 1.944444 32061
29000 2.831387 1.882353 32577
29500 2.789635 2.031250 33143
30000 2.748652 1.843750 33643
30500 2.713979 1.909091 34144
31000 2.677521 2.000000 34630
31500 2.635648 2.000000 35137
32000 2.598836 1.909091 35704
32500 2.566220 1.903226 36303
33000 2.536412 2.037037 36840
33500 2.505279 1.884615 37339
34000 2.471617 2.000000 37836
34500 2.443877 1.941176 38347
35000 2.418777 1.864865 38937
35500 2.391228 1.840000 39501
36000 2.366066 2.086957 39999
36500 2.337665 2.071429 40504
37000 2.312868 1.960000 41001
37500 2.289154 2.230769 41502
38000 2.264784 2.125000 42008
38500 2.238443 2.000000 42666
39000 2.215288 1.952381 43333
39500 2.189548 1.869565 43918
40000 2.171144 1.840000 44500
40500 2.150061 1.760000 45190
41000 2.129412 1.960000 45690
41500 2.104899 2.000000 46264
42000 2.080232 2.000000 46804
42500 2.060544 1.833333 47363
43000 2.038309 1.944444 48022
43500 2.019877 2.000000 48587
44000 2.000700 1.862069 49086
44500 1.983859 2.269230 49583
45000 1.966210 1.952381 50271
45500 1.947922 2.000000 50943
46000 1.931642 1.916667 51536
46500 1.915168 1.902439 52053
47000 1.900735 1.888889 52605
47500 1.886164 2.000000 53112
48000 1.871625 1.884615 53613
48500 1.855337 1.931034 54116
49000 1.840356 2.333333 54605
49500 1.825908 1.920000 55112
50000 1.811947 1.870968 55618
50500 1.799121 2.000000 56117
51000 1.783335 2.000000 56649
51500 1.770556 2.000000 57260
52000 1.756104 2.000000 57762
52500 1.743345 1.920000 58261
53000 1.730311 1.931034 58766
53500 1.716727 1.884615 59332
54000 1.706697 1.941176 59899
54500 1.694318 1.826087 60405
55000 1.680900 1.909091 60904
55500 1.668964 1.969697 61476
56000 1.655841 1.851852 61971
56500 1.643878 1.960000 62521
57000 1.631728 1.947368 63071
57500 1.619175 1.945946 63656
58000 1.607823 1.920000 64218
58500 1.596186 2.000000 64712
59000 1.585475 1.928571 65270
59500 1.574553 1.909091 65826
60000 1.563545 1.851852 66331
60500 1.552817 1.970588 66920
61000 1.541092 1.870968 67454
61500 1.531325 1.846154 67983
62000 1.522065 2.138889 68506
62500 1.511843 1.968750 69088
63000 1.500017 1.933333 69738
63500 1.489497 2.000000 70349
64000 1.479065 1.954545 70904
64500 1.470030 2.083333 71534
65000 1.460501 1.826087 72033
65500 1.451535 1.896552 72539
66000 1.443985 1.909091 73042
66500 1.435108 1.921053 73548
67000 1.427315 1.896552 74117
67500 1.420816 1.909091 74712
68000 1.411379 1.857143 75218
68500 1.403526 1.973684 75728
69000 1.394487 1.857143 76211
69500 1.385409 2.000000 76787
70000 1.377713 1.692308 77464
70500 1.369850 2.304348 78142
71000 1.361840 1.968750 78651
71500 1.353655 1.939394 79195
72000 1.346159 2.000000 79863
72500 1.338701 2.000000 80352
73000 1.331456 1.964286 80949
73500 1.323249 1.909091 81443
74000 1.315661 1.875000 82020
74500 1.308617 2.172414 82525
75000 1.301355 1.923077 83185
75500 1.293628 1.920000 83684
76000 1.285421 1.965517 84274
76500 1.277715 1.875000 84769
77000 1.271498 1.852941 85279
77500 1.265350 2.000000 85848
78000 1.258132 2.115385 86546
78500 1.251047 1.906250 87129
79000 1.243186 1.928571 87625
79500 1.237274 1.904762 88118
80000 1.231420 1.962963 88624
80500 1.224495 1.925926 89184
81000 1.218228 1.937500 89689
81500 1.212394 1.961538 90183
82000 1.206689 2.217391 90816
82500 1.200521 1.791667 91317
83000 1.193650 1.906250 91825
83500 1.188029 1.880000 92318
84000 1.182289 1.869565 92816
84500 1.177388 1.956522 93377
85000 1.171381 2.400000 94068
85500 1.165528 1.885714 94672
86000 1.160605 1.952381 95211
86500 1.154377 2.000000 95734
87000 1.148966 1.896552 96308
87500 1.143407 1.909091 96801
88000 1.137499 1.958333 97345
88500 1.131660 1.935484 97852
89000 1.126137 1.928571 98349
89500 1.120727 2.000000 98844
90000 1.115390 1.956522 99344
90500 1.110860 2.000000 99850
91000 1.106265 2.468750 100427
91500 1.101752 1.962963 100922
92000 1.096641 2.000000 101584
92500 1.091715 2.000000 102118
93000 1.087011 1.896552 102735
93500 1.082116 1.925926 103272
94000 1.077034 2.068965 103774
94500 1.072324 1.840000 104344
95000 1.067718 1.964286 104847
95500 1.063325 1.862069 105348
96000 1.059087 2.190476 105840
96500 1.054997 2.166667 106454
97000 1.050080 1.964286 106947
97500 1.045464 1.840000 107444
98000 1.040805 1.941177 108054
98500 1.036555 1.931034 108549
99000 1.032118 1.925926 109047
99500 1.027906 1.884615 109546
100000 1.023263 1.896552 110215
