500 96.636711 744.671936 868
1000 97.249146 900.701782 1237
1500 96.966911 808.452393 1697
2000 96.839066 353.120331 2190
2500 96.900887 287.490204 2703
3000 96.843277 194.296005 3151
3500 96.809860 315.523376 3733
4000 96.830772 298.877686 4195
4500 96.904419 241.010971 4681
5000 96.954063 308.171448 5250
5500 96.957146 554.218262 5843
6000 96.978111 660.491455 6340
6500 96.997940 553.823059 6765
7000 97.018105 332.195923 7193
7500 96.991310 213.141342 7690
8000 96.988838 247.914993 8199
8500 96.981003 309.543274 8672
9000 97.012772 96.831993 9124
9500 96.910385 29.987341 9578
10000 96.298073 17.663464 10103
10500 96.057220 102.092323 10629
11000 96.072289 270.587585 11227
11500 96.102798 356.481293 11739
12000 96.142021 251.938202 12177
12500 96.124420 66.587700 12612
13000 96.039497 114.580391 13142
13500 96.054039 229.678589 13695
14000 96.081085 238.324692 14189
14500 96.100235 248.267975 14692
15000 96.133530 266.668457 15194
15500 96.142471 201.791946 15647
16000 96.143646 132.920868 16138
16500 96.145027 189.111115 16652
17000 96.145767 111.492081 17125
17500 96.156883 159.000015 17665
18000 96.153702 143.032867 18151
18500 96.161346 183.797546 18657
19000 96.184853 255.247482 19201
19500 96.197853 366.915802 19713
20000 96.204559 330.525665 20192
20500 96.205788 130.122955 20621
21000 96.189674 53.263554 21127
21500 96.198082 166.493210 21647
22000 96.195671 117.772995 22162
22500 96.205582 131.604980 22618
23000 96.214302 125.289131 23165
23500 96.216690 219.191177 23703
24000 96.227669 312.113922 24201
24500 96.242126 284.412354 24726
25000 96.250992 302.237976 25184
25500 96.264503 210.257431 25665
26000 96.277351 223.809326 26192
26500 96.302132 255.985321 26701
27000 96.303040 318.585876 27226
27500 96.311218 280.204681 27670
28000 96.311722 147.992950 28141
28500 96.324333 105.846733 28635
29000 96.324043 157.168900 29146
29500 96.328712 130.525024 29658
30000 96.339722 188.240204 30153
30500 96.348923 241.235199 30703
31000 96.360649 372.649353 31273
31500 96.369820 406.066040 31741
32000 96.370804 257.993988 32165
32500 96.376007 217.009857 32700
33000 96.386612 357.584076 33249
33500 96.399391 366.319702 33743
34000 96.412262 364.437775 34232
34500 96.424744 306.970093 34698
35000 96.423698 171.219376 35154
35500 96.425453 124.575790 35631
36000 96.417709 96.940659 36116
36500 96.247261 4.716980 36605
37000 96.141182 97.029427 37135
37500 96.141121 353.657227 37785
38000 96.152596 457.194519 38225
38500 96.160385 226.412674 38687
39000 96.163940 116.048584 39143
39500 96.173897 146.257874 39658
40000 96.183441 259.836517 40201
40500 96.184174 238.251755 40646
41000 96.183815 86.588242 41101
41500 96.172020 65.378578 41639
42000 96.163124 161.475189 42140
42500 96.165199 142.774170 42653
43000 96.170448 292.393250 43237
43500 96.172523 472.306335 43760
44000 96.183479 467.809021 44282
44500 96.196907 391.435455 44708
45000 96.203896 268.300049 45199
45500 96.217331 250.069061 45673
46000 96.223671 260.709534 46178
46500 96.231781 247.418900 46721
47000 96.240417 300.828339 47232
47500 96.251877 237.644760 47682
48000 96.262741 261.738068 48209
48500 96.268616 267.291779 48684
49000 96.274231 133.999969 49134
49500 96.260857 20.861383 49600
50000 96.241173 141.975174 50159
50500 96.239594 251.256683 50686
51000 96.246277 291.402802 51215
51500 96.245552 203.606400 51654
52000 96.250664 239.864227 52203
52500 96.256676 310.985504 52708
53000 96.260391 251.549515 53181
53500 96.261230 242.923904 53669
54000 96.266579 173.103455 54144
54500 96.257263 88.272003 54624
55000 96.253174 71.256645 55112
55500 96.250946 84.320000 55624
56000 96.249908 207.118195 56202
56500 96.246933 141.927979 56624
57000 96.253380 105.520645 57120
57500 96.253654 296.594086 57733
58000 96.260765 448.866882 58292
58500 96.266830 514.101074 58746
59000 96.275627 361.142029 59209
59500 96.283241 188.331421 59668
60000 96.289360 244.575912 60190
60500 96.295227 337.764923 60699
61000 96.292419 140.358139 61147
61500 96.296921 310.236786 61727
62000 96.301399 346.448883 62224
62500 96.306931 251.726212 62677
63000 96.297966 36.477474 63110
63500 96.297157 235.522156 63702
64000 96.303276 287.271271 64198
64500 96.307922 195.708282 64667
65000 96.313560 225.509323 65211
65500 96.318932 301.774200 65684
66000 96.324379 145.031219 66159
66500 96.322876 287.578461 66703
67000 96.329430 279.051819 67211
67500 96.330986 278.482544 67700
68000 96.334084 328.348206 68200
68500 96.337685 290.376251 68701
69000 96.339264 196.413086 69166
69500 96.343575 300.486237 69717
70000 96.345009 372.184845 70210
70500 96.346893 173.633545 70630
71000 96.343285 18.887640 71088
71500 96.329277 179.173828 71659
72000 96.324791 154.729568 72158
72500 96.326958 254.027466 72680
73000 96.330940 142.741547 73146
73500 96.328796 219.796539 73670
74000 96.332520 253.971634 74175
74500 96.335793 247.408676 74707
75000 96.339455 385.940002 75266
75500 96.340538 383.071442 75737
76000 96.348190 306.442505 76234
76500 96.355896 356.575226 76724
77000 96.362244 263.639221 77193
77500 96.365768 151.587845 77647
78000 96.351616 11.017391 78114
78500 96.331589 82.908409 78630
79000 96.330101 249.451279 79193
79500 96.335281 216.758820 79668
80000 96.339447 245.460144 80212
80500 96.343483 370.083527 80762
81000 96.347610 346.883179 81212
81500 96.352119 271.130096 81721
82000 96.359108 284.942657 82190
82500 96.363861 163.592377 82656
83000 96.364792 205.082901 83192
83500 96.367279 281.131378 83697
84000 96.372787 240.747314 84184
84500 96.374863 158.390091 84681
85000 96.375168 223.435242 85169
85500 96.377556 129.535706 85639
86000 96.381126 264.673126 86206
86500 96.384468 324.386993 86729
87000 96.387886 407.834106 87233
87500 96.392365 202.472321 87662
88000 96.392975 117.109009 88155
88500 96.395233 315.027313 88716
89000 96.396767 173.840546 89137
89500 96.395683 27.505049 89598
90000 96.391182 102.888069 90133
90500 96.388443 157.591187 90658
91000 96.391884 275.151398 91184
91500 96.394180 161.664307 91639
92000 96.395782 229.005859 92169
92500 96.396736 106.760666 92616
93000 96.397430 178.373581 93165
93500 96.397789 208.363068 93667
94000 96.399658 223.098358 94182
94500 96.397331 300.340332 94693
95000 96.398880 297.089539 95200
95500 96.401131 268.070251 95670
96000 96.402611 223.695160 96186
96500 96.405869 191.718719 96659
97000 96.407784 199.374207 97161
97500 96.407761 185.814224 97682
98000 96.413429 281.304596 98242
98500 96.415672 368.262970 98731
99000 96.420357 190.562576 99159
99500 96.421776 172.482956 99675
100000 96.425278 241.225449 100172
