500 0.000000 679.301086 1679
1000 0.000000 963.760010 2524
1500 98.877502 1152.942993 3135
2000 98.877502 1282.373291 3661
2500 98.093819 1380.938843 4110
3000 98.121948 1492.237427 4497
3500 98.123322 1568.063965 4859
4000 98.132973 1711.075684 5199
4500 97.946404 1840.006592 5525
5000 97.974083 2037.125000 5834
5500 97.900932 2296.850830 6187
6000 97.668114 2671.656250 6546
6500 96.597328 3024.562012 6947
7000 94.226067 3038.679932 7414
7500 89.532112 2968.144043 7854
8000 88.559547 2551.706787 8339
8500 88.711227 2216.604004 8800
9000 88.926399 1642.243774 9245
9500 89.200050 736.497925 9722
10000 89.253136 122.468773 10223
10500 89.288040 75.199287 10775
11000 89.433510 160.143265 11375
11500 89.623268 272.364319 11993
12000 89.724182 386.050018 12677
12500 89.763405 537.184509 13374
13000 89.806465 672.366089 14053
13500 89.841156 818.796082 14742
14000 89.892441 957.117859 15483
14500 89.917068 1128.477905 16219
15000 89.958885 1303.673340 16960
15500 89.958885 1485.607788 17721
16000 89.998573 1685.742065 18539
16500 89.998573 1876.330933 19355
17000 90.032471 2066.096680 20095
17500 90.032471 2258.896729 20909
18000 90.075584 2486.346436 21711
18500 90.075584 2700.531982 22489
19000 90.075584 2931.482422 23279
19500 90.075584 3143.659424 24104
20000 90.075584 3335.946045 24869
20500 90.075584 3516.377197 25657
21000 90.075584 3712.737305 26489
21500 90.100517 3926.018311 27302
22000 90.100517 4131.063965 28140
22500 90.100517 4336.924316 28944
23000 90.100517 4583.291016 29764
23500 90.123344 4834.464844 30561
24000 90.144775 5071.760254 31368
24500 90.144775 5299.505371 32142
25000 90.163971 5511.444336 32946
25500 90.163971 5722.727539 33779
26000 90.163971 5963.811523 34614
26500 90.184174 6193.396484 35447
27000 90.208115 6415.939453 36255
27500 90.208115 6654.395020 37052
28000 90.208115 6900.879883 37924
28500 90.208115 7171.723145 38748
29000 90.230675 7455.098633 39615
29500 90.230675 7723.169922 40477
30000 90.230675 7957.082520 41317
30500 90.230675 8193.130859 42154
31000 90.230675 8438.738281 43006
31500 90.230675 8668.545898 43847
32000 90.230675 8904.181641 44683
32500 90.230675 9134.930664 45513
33000 90.230675 9382.864258 46393
33500 90.230675 9646.986328 47237
34000 90.230675 9890.664062 48065
34500 90.251877 10164.600586 48947
35000 90.251877 10434.425781 49826
35500 90.251877 10700.745117 50717
36000 90.274170 10956.469727 51550
36500 90.274170 11227.768555 52463
37000 90.274170 11472.891602 53278
37500 90.274170 11715.548828 54127
38000 90.274170 11929.199219 54975
38500 90.274170 12170.606445 55818
39000 90.274170 12394.068359 56640
39500 90.274170 12619.681641 57486
40000 90.274170 12849.291992 58353
40500 90.274170 13098.623047 59209
41000 90.274170 13343.881836 60069
41500 90.274170 13570.431641 60913
42000 90.274170 13838.853516 61739
42500 90.274170 14094.833008 62566
43000 90.274170 14394.306641 63479
43500 90.274170 14653.689453 64331
44000 90.274170 14917.166016 65170
44500 90.274170 15220.064453 66038
45000 90.274170 15505.093750 66894
45500 90.274170 15760.062500 67731
46000 90.274170 16028.506836 68609
46500 90.274170 16288.666992 69472
47000 90.274170 16530.888672 70293
47500 90.274170 16774.679688 71115
48000 90.274170 17039.292969 71988
48500 90.274170 17291.904297 72834
49000 90.274170 17542.693359 73678
49500 90.274170 17791.371094 74508
50000 90.295143 18041.371094 75381
50500 90.295143 18287.623047 76195
51000 90.295143 18570.011719 77142
51500 90.295143 18837.468750 77998
52000 90.295143 19113.296875 78827
52500 90.295143 19377.423828 79717
53000 90.295143 19643.210938 80577
53500 90.295143 19911.587891 81444
54000 90.295143 20157.593750 82289
54500 90.295143 20414.835938 83180
55000 90.295143 20686.679688 84071
55500 90.295143 20978.123047 84969
56000 90.295143 21234.341797 85818
56500 90.295143 21507.541016 86686
57000 90.295143 21795.117188 87583
57500 90.295143 22067.435547 88458
58000 90.295143 22329.076172 89317
58500 90.295143 22585.041016 90207
59000 90.295143 22887.064453 91096
59500 90.295143 23133.722656 91953
60000 90.295143 23397.816406 92857
60500 90.295143 23637.140625 93694
61000 90.295143 23887.908203 94562
61500 90.295143 24141.984375 95443
62000 90.295143 24405.238281 96352
62500 90.295143 24652.128906 97217
63000 90.295143 24882.865234 98053
63500 90.295143 25109.998047 98913
64000 90.295143 25350.675781 99781
64500 90.295143 25591.197266 100675
65000 90.295143 25832.878906 101496
65500 90.295143 26078.392578 102342
66000 90.295143 26322.375000 103201
66500 90.295143 26561.328125 104095
67000 90.295143 26820.820312 104981
67500 90.295143 27056.822266 105821
68000 90.295143 27333.320312 106723
68500 90.295143 27583.253906 107574
69000 90.295143 27852.888672 108441
69500 90.295143 28131.763672 109308
70000 90.295143 28402.455078 110178
70500 90.295143 28634.037109 110979
71000 90.295143 28878.355469 111855
71500 90.295143 29128.816406 112697
72000 90.295143 29356.728516 113563
72500 90.295143 29599.732422 114406
73000 90.295143 29842.648438 115265
73500 90.295143 30079.957031 116143
74000 90.295143 30332.148438 116980
74500 90.295143 30585.964844 117824
75000 90.295143 30803.001953 118671
75500 90.295143 31065.187500 119588
76000 90.295143 31297.335938 120435
76500 90.295143 31529.822266 121305
77000 90.295143 31768.144531 122157
77500 90.295143 32020.486328 123047
78000 90.295143 32277.593750 123924
78500 90.295143 32521.294922 124794
79000 90.295143 32760.982422 125673
79500 90.295143 33009.023438 126606
80000 90.295143 33246.636719 127463
80500 90.295143 33495.593750 128319
81000 90.295143 33768.210938 129206
81500 90.295143 34009.761719 130089
82000 90.295143 34262.253906 130944
82500 90.295143 34510.160156 131805
83000 90.295143 34765.476562 132689
83500 90.295143 35014.046875 133563
84000 90.295143 35275.679688 134438
84500 90.295143 35508.554688 135276
85000 90.295143 35776.406250 136145
85500 90.295143 36013.246094 136999
86000 90.295143 36269.812500 137861
86500 90.295143 36508.921875 138706
87000 90.295143 36768.175781 139570
87500 90.295143 37004.265625 140425
88000 90.295143 37245.410156 141317
88500 90.295143 37505.027344 142236
89000 90.295143 37767.468750 143096
89500 90.295143 38008.859375 143969
90000 90.295143 38243.750000 144806
90500 90.295143 38475.714844 145678
91000 90.295143 38716.835938 146534
91500 90.295143 38949.585938 147355
92000 90.295143 39181.066406 148231
92500 90.295143 39413.296875 149090
93000 90.295143 39628.523438 149920
93500 90.295143 39859.988281 150739
94000 90.295143 40088.394531 151621
94500 90.295143 40315.218750 152473
95000 90.295143 40548.527344 153330
95500 90.295143 40788.183594 154182
96000 90.295143 41003.679688 155053
96500 90.295143 41248.902344 155908
97000 90.295143 41507.570312 156792
97500 90.295143 41770.433594 157635
98000 90.295143 42043.472656 158519
98500 90.295143 42322.019531 159399
99000 90.295143 42598.921875 160252
99500 90.295143 42860.550781 161092
100000 90.295143 43155.269531 161959
