500 91.829437 21.311113 544
1000 82.835190 1.921569 1050
1500 80.131470 4.066667 1559
2000 78.899292 2.025000 2039
2500 78.571335 4.283333 2559
3000 77.338142 4.672413 3057
3500 75.792191 2.166667 3553
4000 73.743469 1.953125 4063
4500 71.179543 1.880597 4566
5000 69.152107 2.250000 5047
5500 65.875191 1.936170 5546
6000 62.921665 2.000000 6057
6500 60.862953 1.946429 6555
7000 58.814587 2.057692 7051
7500 56.993778 1.900000 7559
8000 55.701279 2.037037 8053
8500 54.523079 2.023809 8541
9000 52.694771 2.266667 9044
9500 51.467861 1.962264 9552
10000 50.124962 2.035087 10056
10500 48.959648 1.962264 10552
11000 47.734890 1.920000 11049
11500 46.903011 2.169492 11558
12000 45.899464 1.960784 12050
12500 44.859386 1.888889 12544
13000 43.904499 1.891304 13045
13500 42.814751 1.957447 13546
14000 41.694675 1.975000 14039
14500 40.752823 1.925926 14552
15000 40.050030 2.017241 15057
15500 39.286388 1.936170 15546
16000 38.770195 2.086957 16045
16500 38.210464 2.021277 16546
17000 37.673565 1.950000 17039
17500 37.234043 2.017241 17557
18000 36.817406 1.979167 18047
18500 36.386829 1.960784 18550
19000 35.806381 1.951220 19040
19500 35.331516 2.044445 19716
20000 34.765774 1.909091 20204
20500 34.209702 1.943396 20724
21000 33.682140 1.848485 21204
21500 33.205601 2.000000 21711
22000 32.682903 1.925000 22211
22500 32.218040 1.935484 22733
23000 31.854727 2.000000 23214
23500 31.526571 1.940000 23721
24000 31.209007 1.909091 24237
24500 30.874866 1.925926 24891
25000 30.542782 2.304348 25383
25500 30.132551 1.895833 25885
26000 29.722202 1.945455 26391
26500 29.354467 1.960784 26888
27000 29.010408 1.982456 27393
27500 28.686085 1.962264 27890
28000 28.382118 1.949153 28396
28500 28.072674 2.105263 28875
29000 27.734314 1.954545 29381
29500 27.428528 1.983333 29897
30000 27.088039 2.015152 30403
30500 26.816872 1.958333 30885
31000 26.541222 1.923077 31376
31500 26.270601 2.106383 31884
32000 25.974117 1.880952 32379
32500 25.670662 1.959184 32886
33000 25.420454 1.924528 33390
33500 25.175806 1.950000 33897
34000 24.949091 1.870370 34391
34500 24.706503 1.910714 34893
35000 24.512203 2.075472 35390
35500 24.318312 1.914894 35884
36000 24.159756 1.959184 36386
36500 23.993460 1.971429 36907
37000 23.742168 2.018868 37390
37500 23.542625 1.928571 37893
38000 23.349216 1.918367 38386
38500 23.172251 1.930233 38880
39000 22.969524 2.185185 39391
39500 22.797413 2.140351 39894
40000 22.615816 2.017241 40395
40500 22.440283 1.916667 40897
41000 22.304611 2.075472 41390
41500 22.128838 2.037736 41890
42000 21.982622 1.960000 42387
42500 21.828939 1.872340 42883
43000 21.670794 2.000000 43383
43500 21.489138 1.881356 44079
44000 21.325060 2.020408 44569
44500 21.176491 1.955556 45065
45000 21.057549 1.947368 45577
45500 20.885918 1.911111 46234
46000 20.721413 1.883721 46732
46500 20.567085 2.032787 47250
47000 20.392286 1.925926 47743
47500 20.243803 2.083333 48249
48000 20.112881 1.934783 48735
48500 19.968307 1.955556 49234
49000 19.816593 1.960000 49738
49500 19.695997 1.923077 50241
50000 19.537327 1.892857 50905
50500 19.394876 2.000000 51395
51000 19.234037 1.904762 51891
51500 19.102182 1.966667 52409
52000 18.982567 2.000000 52894
52500 18.863485 1.923077 53401
53000 18.734190 1.892857 54059
53500 18.629230 1.983333 54564
54000 18.538280 1.918367 55053
54500 18.444958 2.000000 55558
55000 18.323599 2.040000 56054
55500 18.221128 1.955556 56549
56000 18.127434 1.909091 57059
56500 18.023428 2.388889 57558
57000 17.923792 1.977778 58049
57500 17.843719 2.000000 58560
58000 17.760990 1.924528 59057
58500 17.663153 2.000000 59559
59000 17.559879 1.914894 60051
59500 17.451693 2.016667 60564
60000 17.370094 1.942308 61056
60500 17.298819 2.098361 61565
61000 17.222929 2.173077 62055
61500 17.135502 2.072727 62559
62000 17.071087 1.909091 63047
62500 17.007277 2.000000 63561
63000 16.933008 2.117647 64055
63500 16.869253 1.916667 64552
64000 16.817398 1.931034 65062
64500 16.738697 1.980392 65555
65000 16.657450 1.978261 66050
65500 16.592590 2.025641 66543
66000 16.535923 2.019231 67056
66500 16.461960 1.979167 67552
67000 16.403753 1.962264 68057
67500 16.352623 1.967213 68565
68000 16.282787 1.962963 69058
68500 16.216152 2.297872 69712
69000 16.147179 2.368421 70222
69500 16.072832 2.113637 70709
70000 16.002563 1.886792 71218
70500 15.920818 2.000000 71862
71000 15.853049 2.040000 72359
71500 15.789348 2.017544 72866
72000 15.722395 1.960000 73359
72500 15.655686 1.981132 73862
73000 15.593129 1.925926 74363
73500 15.542322 2.049181 74870
74000 15.496722 2.300000 75359
74500 15.438469 2.060000 75859
75000 15.383819 1.921569 76360
75500 15.323307 2.020000 76859
76000 15.273704 2.206350 77372
76500 15.221936 2.084745 77868
77000 15.161812 1.911111 78354
77500 15.100913 1.964286 78865
78000 15.047844 1.900000 79359
78500 14.984662 2.019231 79861
79000 14.915683 2.062500 80373
79500 14.858493 2.037736 80862
80000 14.800057 1.982143 81365
80500 14.759993 1.966666 81869
81000 14.712126 1.967742 82371
81500 14.664947 1.924529 82862
82000 14.622334 1.933333 83369
82500 14.562040 2.177778 83854
83000 14.526806 1.928571 84365
83500 14.490115 1.933333 84854
84000 14.456229 2.305556 85345
84500 14.413489 1.937500 85857
85000 14.370289 1.981818 86364
85500 14.313317 1.931818 86853
86000 14.276597 1.918367 87358
86500 14.237387 2.152174 87855
87000 14.190059 1.982456 88365
87500 14.144640 1.884615 88861
88000 14.087826 2.000000 89360
88500 14.054521 1.950820 89870
89000 14.015124 1.960000 90358
89500 13.973927 2.000000 90849
90000 13.933248 1.979167 91357
90500 13.884344 2.226416 91862
91000 13.839344 1.923077 92348
91500 13.800120 1.971429 92844
92000 13.762048 2.176471 93359
92500 13.723373 1.937500 93857
93000 13.684450 1.960784 94360
93500 13.635675 1.921053 94846
94000 13.589393 1.980392 95360
94500 13.542085 2.113208 95862
95000 13.502542 2.095238 96372
95500 13.467505 1.900000 96869
96000 13.424525 2.090909 97352
96500 13.379231 2.000000 97971
97000 13.342410 2.043478 98464
97500 13.306283 2.042553 98964
98000 13.274368 1.871795 99457
98500 13.230388 1.930233 100094
99000 13.191254 1.973684 100589
99500 13.139334 1.968254 101114
100000 13.090015 1.927273 101606
