500 97.911057 790.215271 1222
1000 97.637520 965.142639 1735
1500 97.988831 1128.044434 2170
2000 97.964485 1251.308594 2549
2500 97.771118 1352.645874 2954
3000 97.680809 1268.986328 3419
3500 97.658012 1075.499512 3875
4000 97.683868 662.941772 4290
4500 97.638596 348.674591 4748
5000 97.475677 218.093323 5255
5500 97.423737 235.330856 5779
6000 97.358078 302.804230 6345
6500 97.367668 381.520538 6864
7000 97.367233 357.063232 7332
7500 97.369148 265.770355 7768
8000 97.376137 164.513596 8219
8500 97.334358 185.785400 8746
9000 97.293167 189.104553 9237
9500 97.291534 267.589813 9833
10000 97.286560 375.876129 10354
10500 97.305710 408.360443 10896
11000 97.289803 404.805939 11317
11500 97.267021 301.691437 11780
12000 97.292816 231.841110 12257
12500 97.297508 218.498260 12769
13000 97.292664 273.632477 13311
13500 97.306496 288.280914 13823
14000 97.310799 276.569244 14266
14500 97.292244 224.125076 14739
15000 97.286201 142.853424 15231
15500 97.283287 154.336182 15734
16000 97.275810 207.106140 16282
16500 97.272079 266.040894 16790
17000 97.243958 257.515564 17287
17500 97.241547 227.365891 17785
18000 97.231651 176.602768 18218
18500 97.213264 100.231972 18692
19000 97.207710 80.712723 19180
19500 97.183182 51.479290 19668
20000 97.132072 57.610081 20158
20500 97.116951 166.051880 20769
21000 97.121468 332.511383 21350
21500 97.125580 393.898987 21905
22000 97.135811 477.353485 22403
22500 97.137001 471.747955 22875
23000 97.144424 410.161163 23314
23500 97.128220 285.891571 23738
24000 97.125015 192.763779 24236
24500 97.128815 254.944885 24789
25000 97.133522 309.610535 25302
25500 97.139328 339.066162 25831
26000 97.135078 331.105225 26322
26500 97.130867 332.540527 26795
27000 97.132484 265.301483 27271
27500 97.136864 227.961517 27759
28000 97.138954 292.420044 28330
28500 97.145996 323.066162 28817
29000 97.145531 321.040405 29322
29500 97.152161 307.447479 29832
30000 97.145607 311.078369 30305
30500 97.144875 291.244507 30814
31000 97.145546 355.287384 31396
31500 97.149239 435.792877 31928
32000 97.153381 504.680237 32462
32500 97.158180 503.697479 32888
33000 97.155312 425.517456 33342
33500 97.160713 327.482971 33793
34000 97.165611 263.460236 34275
34500 97.156029 228.935013 34776
35000 97.148567 203.808853 35271
35500 97.141479 198.435745 35740
36000 97.143013 132.821548 36212
36500 97.140701 124.645889 36706
37000 97.145416 156.850815 37226
37500 97.134056 153.535675 37723
38000 97.127655 210.643188 38270
38500 97.121498 283.305847 38813
39000 97.120941 346.902039 39366
39500 97.133110 394.486298 39906
40000 97.134682 414.463379 40368
40500 97.139084 377.654205 40852
41000 97.142807 343.904022 41300
41500 97.146629 282.310669 41808
42000 97.152740 338.663879 42337
42500 97.151596 352.957062 42801
43000 97.152145 260.349335 43291
43500 97.159622 276.735962 43819
44000 97.156036 301.761719 44322
44500 97.163315 297.303070 44796
45000 97.164658 256.790497 45228
45500 97.165092 199.471893 45764
46000 97.158279 195.640900 46258
46500 97.147476 184.746399 46775
47000 97.146942 227.514069 47283
47500 97.141685 247.759720 47781
48000 97.138817 285.479889 48322
48500 97.140038 314.941101 48839
49000 97.145378 346.722351 49370
49500 97.150360 395.191193 49870
50000 97.148521 349.496735 50297
50500 97.151337 250.996078 50765
51000 97.155594 254.719421 51277
51500 97.159645 226.622345 51777
52000 97.160835 256.411407 52296
52500 97.157967 273.346039 52811
53000 97.158028 252.712646 53260
53500 97.155960 139.651825 53723
54000 97.157303 32.757565 54164
54500 97.139717 48.764103 54694
55000 97.136139 173.244217 55257
55500 97.133110 227.372406 55773
56000 97.128914 171.235596 56222
56500 97.128250 159.176743 56714
57000 97.130119 183.196945 57263
57500 97.123291 253.303894 57792
58000 97.125366 325.136871 58364
58500 97.124992 395.711823 58867
59000 97.122681 351.980316 59303
59500 97.122818 324.129303 59816
60000 97.122620 288.169128 60312
60500 97.124619 272.924744 60764
61000 97.124229 190.408142 61244
61500 97.123672 231.299911 61779
62000 97.123734 302.279602 62353
62500 97.124573 357.259857 62857
63000 97.122513 333.426331 63318
63500 97.124374 291.808563 63754
64000 97.125847 179.714905 64234
64500 97.121292 173.802719 64722
65000 97.117798 133.135605 65212
65500 97.113838 145.644180 65721
66000 97.111824 197.164337 66284
66500 97.110504 300.122498 66801
67000 97.109833 269.574463 67266
67500 97.110764 244.898972 67766
68000 97.108749 210.837616 68233
68500 97.109268 163.518097 68748
69000 97.108734 245.043152 69254
69500 97.104202 223.568466 69733
70000 97.101143 214.575760 70262
70500 97.102455 266.551025 70822
71000 97.102226 327.580933 71314
71500 97.105675 359.944153 71838
72000 97.104111 353.325134 72337
72500 97.107117 330.455109 72800
73000 97.109581 274.435577 73309
73500 97.111633 290.835327 73815
74000 97.112694 328.557220 74331
74500 97.114059 326.456573 74799
75000 97.116241 282.649811 75275
75500 97.114983 263.673767 75778
76000 97.117561 242.665298 76268
76500 97.118942 199.664124 76758
77000 97.119980 181.339676 77208
77500 97.115814 111.881172 77701
78000 97.115860 101.912109 78180
78500 97.111519 140.754562 78719
79000 97.111076 238.939117 79294
79500 97.110786 313.993622 79813
80000 97.109650 303.368622 80311
80500 97.109245 307.092560 80823
81000 97.109451 296.735718 81317
81500 97.106911 248.647568 81742
82000 97.106178 172.376144 82225
82500 97.105164 172.379333 82760
83000 97.100662 232.858871 83246
83500 97.094551 197.327728 83737
84000 97.090454 225.913193 84286
84500 97.092102 273.549927 84779
85000 97.090393 243.091644 85248
85500 97.086922 184.422928 85726
86000 97.086067 231.866135 86283
86500 97.088219 295.718384 86783
87000 97.091545 320.818817 87319
87500 97.093826 376.501434 87847
88000 97.095146 420.920319 88350
88500 97.095055 343.236877 88845
89000 97.095963 324.745911 89302
89500 97.097481 290.720001 89749
90000 97.097458 198.724396 90252
90500 97.098816 270.428040 90812
91000 97.099998 316.524719 91344
91500 97.101524 320.608032 91846
92000 97.102348 307.009735 92304
92500 97.104538 254.550003 92758
93000 97.107094 201.326660 93251
93500 97.109100 177.582642 93729
94000 97.109764 218.665527 94267
94500 97.108398 238.139114 94765
95000 97.110008 262.647461 95328
95500 97.111069 337.282654 95834
96000 97.114418 302.281616 96276
96500 97.112091 239.731812 96764
97000 97.114449 238.869949 97274
97500 97.113976 256.520691 97789
98000 97.114243 262.720825 98282
98500 97.115227 230.556030 98749
99000 97.113464 199.680298 99243
99500 97.113976 269.477722 99792
100000 97.112122 327.537262 100362
