500 90.016098 1168.863892 954
1000 89.585808 2599.783203 2052
1500 89.635857 2780.441650 2647
2000 90.015228 3127.324707 3269
2500 90.203903 4248.855957 4268
3000 90.262169 5863.728027 5457
3500 90.312027 7720.659180 6642
4000 90.437325 10274.164062 8221
4500 90.490860 10406.283203 8772
5000 90.575401 13128.670898 10337
5500 90.587875 15546.658203 11833
6000 90.542458 20611.476562 14203
6500 90.583275 20807.832031 14779
7000 90.603851 21099.464844 15303
7500 90.634392 24817.474609 17285
8000 90.620560 29463.695312 19778
8500 90.591324 32264.716797 21391
9000 90.612007 36154.640625 23413
9500 90.607330 36290.414062 23976
10000 90.640022 36273.429688 24499
10500 90.683228 41308.621094 26968
11000 90.726578 41716.035156 27636
11500 90.722069 42169.523438 28309
12000 90.697739 46424.175781 30435
12500 90.726135 46668.019531 31101
13000 90.767311 48784.457031 32500
13500 90.748268 48970.800781 33127
14000 90.798012 51188.210938 34508
14500 90.792519 51628.238281 35198
15000 90.834663 55856.667969 37360
15500 90.779976 56212.835938 37994
16000 90.786034 56348.445312 38732
16500 90.832916 60018.261719 40749
17000 90.801628 62114.214844 42089
17500 90.788071 62345.175781 42743
18000 90.780220 62662.757812 43303
18500 90.780945 62974.972656 43956
19000 90.767654 66140.335938 45734
19500 90.791992 68874.726562 47336
20000 90.819107 75023.328125 50197
20500 90.790573 78105.195312 51845
21000 90.781898 80189.789062 53172
21500 90.764610 80643.898438 53862
22000 90.770630 80950.804688 54467
22500 90.769882 82826.000000 55770
23000 90.776047 84970.390625 57131
23500 90.795013 87517.101562 58637
24000 90.781235 89947.382812 60093
24500 90.769768 90241.164062 60672
25000 90.792938 94531.171875 62934
25500 90.792305 96954.187500 64395
26000 90.798607 97445.257812 65109
26500 90.794678 97649.835938 65700
27000 90.796043 103726.000000 68751
27500 90.803345 103994.687500 69366
28000 90.770180 104328.085938 69952
28500 90.788071 107550.046875 71661
29000 90.789757 107714.031250 72206
29500 90.805054 109862.281250 73551
30000 90.782883 110295.726562 74244
30500 90.802216 113191.187500 75760
31000 90.775993 118521.757812 78228
31500 90.779579 121573.273438 79724
32000 90.794724 122917.445312 80918
32500 90.807182 126645.015625 82869
33000 90.825912 129458.406250 84568
33500 90.800064 129792.414062 85257
34000 90.795464 132855.718750 86812
34500 90.804184 133009.734375 87446
35000 90.805382 135888.328125 89201
35500 90.792915 136183.984375 89909
36000 90.804420 139772.359375 91908
36500 90.799385 144163.046875 94251
37000 90.795143 145779.562500 95504
37500 90.779083 146162.593750 96110
38000 90.779793 153999.906250 99586
38500 90.776314 154511.156250 100169
39000 90.790459 155174.375000 100905
39500 90.777748 161088.750000 103632
40000 90.777649 164285.843750 105458
40500 90.776634 164316.531250 105996
41000 90.791504 164444.140625 106548
41500 90.789368 167861.703125 108292
42000 90.796349 170164.078125 109662
42500 90.802391 173563.875000 111556
43000 90.808624 175918.140625 113099
43500 90.814896 180648.828125 115530
44000 90.809792 181188.281250 116327
44500 90.817093 181519.859375 117031
45000 90.824348 184917.921875 118890
45500 90.828911 189958.421875 121425
46000 90.839302 193377.640625 123227
46500 90.831444 193546.453125 123803
47000 90.840714 196054.906250 125118
47500 90.843552 200385.031250 127248
48000 90.839653 200648.218750 127817
48500 90.849869 203536.343750 129575
49000 90.848236 203509.437500 130092
49500 90.848007 203608.906250 130721
50000 90.845047 205315.343750 131862
50500 90.847130 207484.265625 133431
51000 90.850876 209996.781250 134881
51500 90.846863 212466.484375 136433
52000 90.849380 216038.875000 138376
52500 90.853333 218380.671875 139763
53000 90.839584 218735.843750 140449
53500 90.837463 221045.625000 141861
54000 90.847000 223893.796875 143501
54500 90.843414 228050.875000 145717
55000 90.850800 229848.109375 146922
55500 90.843002 229932.234375 147376
56000 90.854195 233038.109375 149146
56500 90.850365 235675.718750 150723
57000 90.849091 235832.796875 151300
57500 90.856880 236139.015625 152010
58000 90.854599 238346.515625 153378
58500 90.859421 238658.828125 154013
59000 90.857307 238989.968750 154659
59500 90.853317 244980.234375 157646
60000 90.850143 245157.515625 158187
60500 90.852577 245234.015625 158759
61000 90.852974 245421.531250 159313
61500 90.856895 245727.750000 159844
62000 90.858017 250569.312500 162474
62500 90.858093 250652.750000 163019
63000 90.857094 252456.093750 164234
63500 90.852699 253029.890625 164921
64000 90.856186 256290.718750 166765
64500 90.858917 258374.593750 168156
65000 90.854797 258668.921875 168818
65500 90.865723 260529.546875 170065
66000 90.864731 262396.218750 171148
66500 90.872108 262525.218750 171741
67000 90.877609 262922.625000 172410
67500 90.880775 263047.750000 172979
68000 90.878426 263251.312500 173518
68500 90.872803 263633.000000 174117
69000 90.879730 265866.437500 175535
69500 90.878029 266168.687500 176257
70000 90.883972 266348.312500 176842
70500 90.882462 266724.750000 177491
71000 90.883575 270165.718750 179366
71500 90.883537 276356.562500 182311
72000 90.876274 278287.875000 183579
72500 90.878471 282230.625000 185525
73000 90.878036 282763.343750 186271
73500 90.876411 282770.781250 186804
74000 90.884453 288963.406250 189702
74500 90.865578 292776.187500 191720
75000 90.870964 294625.875000 192972
75500 90.875023 295635.968750 193835
76000 90.868591 300920.593750 196611
76500 90.862396 301132.937500 197137
77000 90.867363 303139.531250 198439
77500 90.874725 303451.812500 199049
78000 90.872551 303823.375000 199632
78500 90.870483 303908.468750 200218
79000 90.870087 312082.875000 203988
79500 90.863884 314331.125000 205470
80000 90.862778 314633.187500 206193
80500 90.870346 316563.625000 207531
81000 90.867203 316651.718750 208065
81500 90.871605 317079.875000 208760
82000 90.874382 317544.343750 209370
82500 90.872978 320138.187500 210880
83000 90.874222 323161.312500 212572
83500 90.865295 323391.531250 213106
84000 90.865265 323757.937500 213722
84500 90.867348 324139.406250 214326
85000 90.874115 324398.687500 214994
85500 90.876236 328785.500000 217244
86000 90.880295 334057.718750 219904
86500 90.884491 336677.500000 221436
87000 90.878883 337438.968750 222180
87500 90.881630 339841.156250 223597
88000 90.877892 341313.156250 224753
88500 90.872795 342920.718750 225825
89000 90.872948 343389.062500 226458
89500 90.875565 345351.437500 227646
90000 90.879448 347819.937500 229079
90500 90.876709 347900.062500 229616
91000 90.876999 348378.906250 230244
91500 90.877434 351241.562500 231880
92000 90.879936 351881.906250 232627
92500 90.877327 353946.187500 233903
93000 90.880661 356705.937500 235496
93500 90.883377 359063.968750 236875
94000 90.882942 359305.218750 237504
94500 90.880363 359780.468750 238218
95000 90.884354 360215.781250 238817
95500 90.883415 362646.812500 240152
96000 90.885414 363102.531250 240826
96500 90.887772 363318.218750 241482
97000 90.891861 365483.937500 242784
97500 90.892181 373731.093750 246686
98000 90.890038 376701.343750 248345
98500 90.889145 383149.406250 251562
99000 90.887337 385354.250000 253019
99500 90.886932 385467.531250 253536
100000 90.889061 385688.218750 254054
