500 45.619297 0.000000 690
1000 27.344999 0.000000 1347
1500 21.405861 0.000000 1845
2000 17.195244 0.000000 2447
2500 14.887361 0.000000 2953
3000 13.322834 0.000000 3452
3500 12.018332 0.000000 3949
4000 11.221519 0.000000 4534
4500 10.382589 0.000000 5178
5000 9.607325 0.000000 5842
5500 8.929738 0.000000 6440
6000 8.408549 0.000000 7077
6500 7.943497 0.000000 7614
7000 7.549455 0.000000 8112
7500 7.152850 0.000000 8817
8000 6.853455 0.000000 9394
8500 6.550052 0.000000 9889
9000 6.289157 0.000000 10387
9500 6.060891 0.000000 10968
10000 5.840446 0.000000 11521
10500 5.624899 0.000000 12086
11000 5.445635 0.000000 12751
11500 5.238398 0.000000 13346
12000 5.080353 0.000000 14026
12500 4.929162 0.000000 14635
13000 4.771283 0.000000 15134
13500 4.615378 0.000000 15749
14000 4.463316 0.000000 16453
14500 4.342630 0.000000 17190
15000 4.242776 0.000000 17767
15500 4.125751 0.000000 18540
16000 4.034540 0.000000 19042
16500 3.925303 0.000000 19649
17000 3.826998 0.000000 20223
17500 3.742121 0.000000 20727
18000 3.666028 0.000000 21314
18500 3.596112 0.000000 21808
19000 3.524467 0.000000 22352
19500 3.450507 0.000000 22989
20000 3.373986 0.000000 23488
20500 3.295656 0.000000 24056
21000 3.230708 0.000000 24633
21500 3.165460 0.000000 25299
22000 3.103953 0.000000 25994
22500 3.048639 0.000000 26612
23000 2.998141 0.000000 27168
23500 2.959559 0.000000 27825
24000 2.912539 0.000000 28356
24500 2.870101 0.000000 28954
25000 2.817031 0.000000 29443
25500 2.770085 0.000000 30005
26000 2.721856 0.000000 30604
26500 2.678650 0.000000 31172
27000 2.644636 0.000000 31774
27500 2.609265 0.000000 32268
28000 2.567164 0.000000 32911
28500 2.532004 0.000000 33462
29000 2.493575 0.000000 33966
29500 2.463868 0.000000 34581
30000 2.429595 0.000000 35171
30500 2.394438 0.000000 35790
31000 2.365065 0.000000 36382
31500 2.337477 0.000000 36990
32000 2.306597 0.000000 37563
32500 2.277555 0.000000 38181
33000 2.248787 0.000000 38669
33500 2.221088 0.000000 39472
34000 2.192664 0.000000 40026
34500 2.166378 0.000000 40574
35000 2.139910 0.000000 41135
35500 2.117990 0.000000 41716
36000 2.094286 0.000000 42223
36500 2.068747 0.000000 42860
37000 2.043543 0.000000 43489
37500 2.020252 0.000000 44135
38000 2.000517 0.000000 44717
38500 1.979670 0.000000 45506
39000 1.958084 0.000000 46014
39500 1.939716 0.000000 46573
40000 1.918847 0.000000 47239
40500 1.899492 0.000000 47827
41000 1.881724 0.000000 48403
41500 1.863196 0.000000 48908
42000 1.844967 0.000000 49404
42500 1.826141 0.000000 50000
43000 1.810823 0.000000 50585
43500 1.794265 0.000000 51173
44000 1.777270 0.000000 51885
44500 1.761998 0.000000 52462
45000 1.748342 0.000000 53014
45500 1.733046 0.000000 53574
46000 1.717267 0.000000 54136
46500 1.703115 0.000000 54718
47000 1.688556 0.000000 55221
47500 1.676150 0.000000 55722
48000 1.659842 0.000000 56356
48500 1.645143 0.000000 56859
49000 1.632930 0.000000 57413
49500 1.618229 0.000000 57996
50000 1.606006 0.000000 58609
50500 1.590989 0.000000 59114
51000 1.577465 0.000000 59728
51500 1.563940 0.000000 60310
52000 1.551736 0.000000 60889
52500 1.541148 0.000000 61660
53000 1.529936 0.000000 62159
53500 1.519028 0.000000 62730
54000 1.508865 0.000000 63414
54500 1.496820 0.000000 64075
55000 1.485269 0.000000 64574
55500 1.473517 0.000000 65107
56000 1.462142 0.000000 65797
56500 1.450899 0.000000 66299
57000 1.441161 0.000000 66850
57500 1.431807 0.000000 67341
58000 1.421742 0.000000 67901
58500 1.411530 0.000000 68404
59000 1.401309 0.000000 68987
59500 1.392399 0.000000 69546
60000 1.382312 0.000000 70288
60500 1.373412 0.000000 70843
61000 1.365934 0.000000 71486
61500 1.357175 0.000000 72034
62000 1.349127 0.000000 72630
62500 1.340313 0.000000 73135
63000 1.330103 0.000000 73710
63500 1.320535 0.000000 74270
64000 1.310834 0.000000 74857
64500 1.302546 0.000000 75436
65000 1.294232 0.000000 75951
65500 1.286897 0.000000 76434
66000 1.278150 0.000000 76998
66500 1.270422 0.000000 77504
67000 1.262264 0.000000 78307
67500 1.253286 0.000000 78992
68000 1.244239 0.000000 79526
68500 1.237238 0.000000 80178
69000 1.230698 0.000000 80833
69500 1.223182 0.000000 81502
70000 1.216181 0.000000 82003
70500 1.209313 0.000000 82586
71000 1.201417 0.000000 83348
71500 1.193863 0.000000 83845
72000 1.187366 0.000000 84349
72500 1.180862 0.000000 84838
73000 1.174152 0.000000 85454
73500 1.167582 0.000000 85945
74000 1.161876 0.000000 86488
74500 1.155259 0.000000 87000
75000 1.149094 0.000000 87585
75500 1.141884 0.000000 88078
76000 1.135709 0.000000 88671
76500 1.129716 0.000000 89251
77000 1.124089 0.000000 89843
77500 1.117871 0.000000 90340
78000 1.111261 0.000000 90845
78500 1.104864 0.000000 91402
79000 1.099243 0.000000 91903
79500 1.094002 0.000000 92567
80000 1.087338 0.000000 93155
80500 1.081891 0.000000 93717
81000 1.076787 0.000000 94295
81500 1.071427 0.000000 94878
82000 1.065814 0.000000 95531
82500 1.060164 0.000000 96023
83000 1.054138 0.000000 96591
83500 1.048252 0.000000 97260
84000 1.043107 0.000000 97928
84500 1.037741 0.000000 98491
85000 1.032737 0.000000 99080
85500 1.027768 0.000000 99575
86000 1.023366 0.000000 100076
86500 1.018054 0.000000 100745
87000 1.014026 0.000000 101247
87500 1.009138 0.000000 101751
88000 1.004805 0.000000 102246
88500 0.999459 0.000000 102801
89000 0.995642 0.000000 103356
89500 0.990721 0.000000 103931
90000 0.986131 0.000000 104687
90500 0.981532 0.000000 105191
91000 0.976574 0.000000 105683
91500 0.972248 0.000000 106325
92000 0.968185 0.000000 106892
92500 0.963969 0.000000 107395
93000 0.959352 0.000000 107904
93500 0.955084 0.000000 108392
94000 0.951396 0.000000 109041
94500 0.947233 0.000000 109557
95000 0.943139 0.000000 110120
95500 0.939482 0.000000 110861
96000 0.935825 0.000000 111415
96500 0.932159 0.000000 112033
97000 0.928024 0.000000 112539
97500 0.923554 0.000000 113116
98000 0.918938 0.000000 113699
98500 0.915131 0.000000 114359
99000 0.911860 0.000000 115045
99500 0.908063 0.000000 115544
100000 0.904424 0.000000 116043
