500 87.360275 1962.864990 967
1000 86.852264 3764.103027 1657
1500 87.425812 5434.435059 2540
2000 87.267082 7376.862305 3356
2500 87.825722 9309.277344 3968
3000 88.240822 10835.498047 4576
3500 88.203339 12371.369141 5254
4000 88.355354 13945.673828 5815
4500 88.032555 15167.399414 6896
5000 87.903023 16813.275391 7867
5500 87.749481 18693.710938 8698
6000 87.981430 20563.378906 9326
6500 87.917381 22402.728516 10193
7000 87.879990 24232.687500 11154
7500 87.827682 26701.140625 11756
8000 87.678604 28677.187500 12946
8500 87.819656 33517.667969 13715
9000 88.175682 38038.968750 14352
9500 88.470604 41213.347656 14866
10000 88.753143 44670.050781 15513
10500 88.981598 47472.281250 16043
11000 89.253899 50312.398438 16691
11500 89.498177 53604.824219 17323
12000 89.732010 56295.671875 17967
12500 89.965691 59304.535156 18594
13000 90.179497 62232.914062 19189
13500 89.121185 0.000000 19865
14000 87.050842 0.000000 20368
14500 85.925262 51.393448 20882
15000 85.879990 0.000000 21622
15500 84.377434 0.000000 22121
16000 83.140663 0.000000 22621
16500 82.038368 0.000000 23118
17000 81.913795 600.792358 23700
17500 82.177742 1996.244873 24311
18000 82.374840 3447.113281 24859
18500 82.581741 4557.265137 25433
19000 82.816147 5971.433105 26025
19500 82.994125 7203.533691 26639
20000 82.987305 7676.641602 28177
20500 83.046097 9645.573242 28985
21000 83.136742 11571.920898 29897
21500 83.271179 13102.500000 30406
22000 83.424179 14626.007812 31020
22500 83.450241 16471.626953 32386
23000 83.460518 18917.644531 33421
23500 83.597054 21240.082031 34081
24000 83.732750 23278.056641 34655
24500 83.795692 25060.486328 35505
25000 83.879868 27003.822266 36234
25500 83.871880 28642.853516 37374
26000 83.938103 30923.421875 37997
26500 84.015755 32794.109375 38677
27000 84.107986 34026.789062 39682
27500 84.077995 36234.132812 40804
28000 84.097412 38450.031250 41701
28500 84.120262 40506.648438 42738
29000 84.180481 42832.664062 43529
29500 84.272324 45000.230469 44184
30000 84.305618 47014.804688 45397
30500 84.368332 49354.570312 45984
31000 84.457214 51511.031250 46570
31500 84.480103 53721.371094 47476
32000 84.544159 55875.539062 48230
32500 84.550369 58084.179688 49179
33000 84.540802 60264.062500 50323
33500 84.576599 62632.355469 50927
34000 84.622406 64811.792969 51653
34500 84.639992 67109.296875 52480
35000 84.688599 69071.414062 53141
35500 84.761696 70690.804688 53772
36000 84.834198 72273.085938 54402
36500 84.842209 73477.171875 55692
37000 84.849052 75708.953125 56454
37500 84.913857 78010.875000 57065
38000 84.978928 80285.304688 57782
38500 85.055504 82035.242188 58425
39000 85.030342 83668.664062 59664
39500 85.022270 85678.140625 60596
40000 85.041534 87647.882812 61842
40500 85.024384 89523.382812 63048
41000 85.012321 91391.585938 64348
41500 85.000305 93651.718750 65265
42000 85.047958 95733.312500 65912
42500 85.036995 97822.992188 67017
43000 85.066223 100328.546875 67917
43500 85.099121 102579.679688 68507
44000 85.104843 104779.179688 69449
44500 85.087563 107012.843750 70733
45000 85.089561 109219.890625 71481
45500 85.119736 111202.320312 72364
46000 85.132484 113958.593750 73192
46500 85.139450 116133.703125 74271
47000 85.155998 118531.367188 75230
47500 85.181244 120894.132812 76116
48000 85.220596 123058.054688 76673
48500 85.221550 125261.601562 77881
49000 85.233490 127196.757812 78794
49500 85.249886 131630.578125 79904
50000 85.316414 136198.859375 80439
50500 85.386795 140728.593750 81032
51000 85.467934 145734.078125 81682
51500 85.547653 149309.375000 82314
52000 85.620087 153118.640625 83034
52500 85.705605 155908.156250 83545
53000 85.778275 158935.812500 84112
53500 85.858109 162396.000000 84834
54000 85.930794 165616.437500 85466
54500 85.991127 168307.187500 86009
55000 86.068573 171391.968750 86591
55500 86.143303 175046.843750 87327
56000 86.205368 177574.734375 87827
56500 86.275719 180971.859375 88508
57000 86.337357 183963.218750 89013
57500 86.407578 187175.125000 89624
58000 86.479362 190107.546875 90220
58500 86.552017 193329.984375 90782
59000 86.618233 196408.078125 91367
59500 86.692413 199265.250000 91926
60000 86.753532 202509.343750 92544
60500 86.816490 205670.109375 93112
61000 86.878586 209080.546875 93761
61500 86.945450 212065.703125 94282
62000 87.013062 215139.859375 94863
62500 87.070137 218423.734375 95461
63000 87.140663 221994.812500 96089
63500 87.203293 225067.328125 96648
64000 87.269684 228515.703125 97263
64500 87.332977 232499.546875 97958
65000 87.390739 236033.890625 98629
65500 87.455322 239420.062500 99238
66000 87.513046 242227.734375 99762
66500 87.559593 245364.515625 100335
67000 87.613213 247850.390625 100880
67500 87.668961 251458.953125 101449
68000 87.723961 254460.093750 102033
68500 87.776955 257779.046875 102665
69000 87.829109 260096.890625 103166
69500 87.879601 262644.500000 103644
70000 87.931053 264633.562500 104161
70500 87.986496 268250.906250 104698
71000 88.040649 271586.281250 105220
71500 88.097427 274108.562500 105795
72000 88.151649 276089.312500 106406
72500 88.200562 278009.406250 107057
73000 88.238548 0.000000 107880
73500 87.884445 0.000000 108368
74000 87.598427 0.000000 108876
74500 87.520775 832.081177 109440
75000 87.478455 4210.045410 110977
75500 87.448372 7364.780273 112374
76000 87.439835 8905.916992 112965
76500 87.452858 10495.669922 113571
77000 87.432396 13267.553711 114848
77500 87.433975 15265.811523 115434
78000 87.421829 17657.558594 116473
78500 87.435249 19368.523438 117187
79000 87.432312 21217.294922 117837
79500 87.444550 22732.291016 118394
80000 87.414459 24822.292969 119635
80500 87.420326 27365.746094 120234
81000 87.432785 29245.972656 120766
81500 87.442581 30782.585938 121315
82000 87.448051 32104.988281 121912
82500 87.453812 33499.960938 122815
83000 87.447350 35547.929688 123539
83500 87.449997 37686.738281 124177
84000 87.462013 38843.472656 124803
84500 87.472740 40249.972656 125320
85000 87.488556 41731.941406 125911
85500 87.501060 43264.562500 126481
86000 87.520958 44718.242188 127091
86500 87.510498 45519.429688 128331
87000 87.493439 47142.566406 129394
87500 87.499825 49478.636719 129920
88000 87.491425 51080.066406 130835
88500 87.485802 52466.441406 131936
89000 87.462265 54531.234375 132831
89500 87.471413 56693.398438 133453
90000 87.488831 58813.222656 134014
90500 87.481209 60628.355469 135036
91000 87.480232 62502.011719 135953
91500 87.468086 64487.968750 136912
92000 87.459457 66518.281250 137978
92500 87.454102 68495.679688 138973
93000 87.463387 70712.734375 139483
93500 87.470421 72801.171875 140123
94000 87.487946 74726.593750 140762
94500 87.475029 76689.140625 141845
95000 87.476669 78988.054688 142423
95500 87.489067 80727.359375 142943
96000 87.496086 82773.843750 143708
96500 87.493553 84550.953125 144668
97000 87.494545 86759.414062 145307
97500 87.504501 88569.664062 145890
98000 87.514992 90235.351562 146430
98500 87.508385 91975.109375 147336
99000 87.508430 94259.937500 147993
99500 87.519066 96074.070312 148605
100000 87.523079 97974.984375 149211
