500 51.333645 0.000000 529
1000 31.477097 0.000000 1179
1500 24.284124 0.000000 1675
2000 19.907026 0.000000 2267
2500 17.514627 0.000000 2776
3000 15.552673 0.000000 3266
3500 14.318043 0.000000 3770
4000 13.185799 0.000000 4263
4500 12.065405 0.000000 4910
5000 11.249949 0.000000 5417
5500 10.641885 0.000000 5973
6000 10.081138 0.000000 6472
6500 9.575345 0.000000 7122
7000 8.992116 0.000000 7693
7500 8.479042 0.000000 8311
8000 8.010623 0.000000 8905
8500 7.636784 0.000000 9472
9000 7.298948 0.000000 9984
9500 7.011179 0.000000 10468
10000 6.737630 0.000000 11033
10500 6.477763 0.000000 11531
11000 6.240019 0.000000 12086
11500 6.002656 0.000000 12813
12000 5.804406 0.000000 13363
12500 5.650930 0.000000 13980
13000 5.467677 0.000000 14464
13500 5.290342 0.000000 15033
14000 5.141960 0.000000 15663
14500 5.015376 0.000000 16314
15000 4.891021 0.000000 16913
15500 4.768749 0.000000 17419
16000 4.647926 0.000000 17977
16500 4.537293 0.000000 18533
17000 4.443834 0.000000 19036
17500 4.334580 0.000000 19528
18000 4.216512 0.000000 20025
18500 4.133197 0.000000 20528
19000 4.036880 0.000000 21109
19500 3.957960 0.000000 21610
20000 3.877745 0.000000 22106
20500 3.800807 0.000000 22602
21000 3.727611 0.000000 23186
21500 3.656938 0.000000 23687
22000 3.587845 0.000000 24272
22500 3.521699 0.000000 24844
23000 3.463245 0.000000 25342
23500 3.401678 0.000000 25907
24000 3.348858 0.000000 26642
24500 3.294871 0.000000 27194
25000 3.239395 0.000000 27694
25500 3.185610 0.000000 28259
26000 3.136326 0.000000 28851
26500 3.087185 0.000000 29353
27000 3.048007 0.000000 29922
27500 3.000483 0.000000 30616
28000 2.958775 0.000000 31199
28500 2.907047 0.000000 31816
29000 2.869644 0.000000 32317
29500 2.825050 0.000000 32819
30000 2.790659 0.000000 33375
30500 2.751983 0.000000 33883
31000 2.715382 0.000000 34375
31500 2.682207 0.000000 35105
32000 2.653047 0.000000 35606
32500 2.621352 0.000000 36118
33000 2.591993 0.000000 36609
33500 2.559371 0.000000 37320
34000 2.533811 0.000000 37970
34500 2.503229 0.000000 38544
35000 2.475755 0.000000 39093
35500 2.447612 0.000000 39725
36000 2.418685 0.000000 40302
36500 2.393124 0.000000 40927
37000 2.369681 0.000000 41431
37500 2.342600 0.000000 41928
38000 2.319197 0.000000 42635
38500 2.294099 0.000000 43130
39000 2.271075 0.000000 43748
39500 2.247231 0.000000 44288
40000 2.225311 0.000000 44892
40500 2.204109 0.000000 45536
41000 2.181679 0.000000 46191
41500 2.157960 0.000000 46832
42000 2.138676 0.000000 47351
42500 2.116829 0.000000 48157
43000 2.097260 0.000000 48663
43500 2.075203 0.000000 49164
44000 2.054501 0.000000 49741
44500 2.036074 0.000000 50313
45000 2.019193 0.000000 51092
45500 2.000330 0.000000 51595
46000 1.984191 0.000000 52093
46500 1.966351 0.000000 52788
47000 1.947532 0.000000 53351
47500 1.931698 0.000000 54035
48000 1.912627 0.000000 54655
48500 1.897953 0.000000 55306
49000 1.882419 0.000000 55803
49500 1.865760 0.000000 56364
50000 1.849030 0.000000 56909
50500 1.832303 0.000000 57508
51000 1.815156 0.000000 58010
51500 1.800119 0.000000 58579
52000 1.785435 0.000000 59237
52500 1.772452 0.000000 59935
53000 1.758548 0.000000 60516
53500 1.743195 0.000000 61013
54000 1.729449 0.000000 61808
54500 1.714934 0.000000 62383
55000 1.702626 0.000000 62956
55500 1.690877 0.000000 63726
56000 1.677778 0.000000 64238
56500 1.664064 0.000000 64735
57000 1.652677 0.000000 65392
57500 1.641461 0.000000 65959
58000 1.628935 0.000000 66756
58500 1.616564 0.000000 67277
59000 1.605398 0.000000 67833
59500 1.594195 0.000000 68393
60000 1.582131 0.000000 68988
60500 1.571009 0.000000 69475
61000 1.559644 0.000000 70209
61500 1.548124 0.000000 70839
62000 1.536952 0.000000 71404
62500 1.527539 0.000000 71903
63000 1.515728 0.000000 72494
63500 1.505446 0.000000 72997
64000 1.494952 0.000000 73561
64500 1.486333 0.000000 74250
65000 1.476883 0.000000 74804
65500 1.469109 0.000000 75307
66000 1.460978 0.000000 75806
66500 1.451768 0.000000 76302
67000 1.442688 0.000000 76875
67500 1.433109 0.000000 77444
68000 1.424260 0.000000 78015
68500 1.414892 0.000000 78767
69000 1.406196 0.000000 79431
69500 1.397537 0.000000 80041
70000 1.387622 0.000000 80673
70500 1.377242 0.000000 81236
71000 1.367869 0.000000 81741
71500 1.360018 0.000000 82326
72000 1.351654 0.000000 82896
72500 1.343806 0.000000 83471
73000 1.336178 0.000000 84039
73500 1.327935 0.000000 84546
74000 1.319829 0.000000 85121
74500 1.312367 0.000000 85823
75000 1.304160 0.000000 86415
75500 1.296757 0.000000 86995
76000 1.289071 0.000000 87488
76500 1.281497 0.000000 88079
77000 1.274756 0.000000 88661
77500 1.267992 0.000000 89172
78000 1.260752 0.000000 89743
78500 1.254228 0.000000 90318
79000 1.247236 0.000000 90994
79500 1.240449 0.000000 91493
80000 1.234084 0.000000 91994
80500 1.227838 0.000000 92501
81000 1.221181 0.000000 92993
81500 1.215083 0.000000 93591
82000 1.208509 0.000000 94249
82500 1.202975 0.000000 94798
83000 1.196773 0.000000 95354
83500 1.190434 0.000000 95852
84000 1.184802 0.000000 96466
84500 1.178246 0.000000 97030
85000 1.171739 0.000000 97582
85500 1.166175 0.000000 98176
86000 1.160069 0.000000 98815
86500 1.154298 0.000000 99485
87000 1.148841 0.000000 100075
87500 1.143439 0.000000 100576
88000 1.138249 0.000000 101235
88500 1.132357 0.000000 101733
89000 1.126784 0.000000 102296
89500 1.121569 0.000000 102881
90000 1.116282 0.000000 103473
90500 1.110729 0.000000 104116
91000 1.105272 0.000000 104612
91500 1.100359 0.000000 105109
92000 1.095318 0.000000 105612
92500 1.090162 0.000000 106110
93000 1.085335 0.000000 106727
93500 1.080590 0.000000 107290
94000 1.075583 0.000000 107788
94500 1.070857 0.000000 108362
95000 1.065985 0.000000 109010
95500 1.061485 0.000000 109510
96000 1.056786 0.000000 110137
96500 1.051883 0.000000 110796
97000 1.047093 0.000000 111409
97500 1.042893 0.000000 112057
98000 1.037816 0.000000 112639
98500 1.033245 0.000000 113273
99000 1.028549 0.000000 113779
99500 1.024602 0.000000 114275
100000 1.020042 0.000000 114924
