500 51.629322 0.000000 530
1000 34.068844 0.000000 1225
1500 27.366488 0.000000 1717
2000 21.425613 0.000000 2476
2500 18.403355 0.000000 2976
3000 16.224791 0.000000 3590
3500 14.489580 0.000000 4092
4000 13.084899 0.000000 4597
4500 12.068888 0.000000 5096
5000 11.202368 0.000000 5685
5500 10.436543 0.000000 6258
6000 9.767731 0.000000 6782
6500 9.135687 0.000000 7287
7000 8.603667 0.000000 7881
7500 8.226449 0.000000 8664
8000 7.797626 0.000000 9227
8500 7.416742 0.000000 9731
9000 7.142159 0.000000 10242
9500 6.870187 0.000000 10735
10000 6.589077 0.000000 11350
10500 6.361113 0.000000 12127
11000 6.139383 0.000000 12821
11500 5.900458 0.000000 13311
12000 5.712651 0.000000 14093
12500 5.542611 0.000000 14670
13000 5.358178 0.000000 15157
13500 5.193676 0.000000 15782
14000 5.052195 0.000000 16428
14500 4.929355 0.000000 16990
15000 4.776442 0.000000 17488
15500 4.663224 0.000000 18058
16000 4.536264 0.000000 18716
16500 4.419114 0.000000 19450
17000 4.305298 0.000000 20019
17500 4.200686 0.000000 20626
18000 4.101017 0.000000 21194
18500 4.001430 0.000000 21737
19000 3.911221 0.000000 22238
19500 3.829137 0.000000 22819
20000 3.750997 0.000000 23315
20500 3.677196 0.000000 23970
21000 3.598041 0.000000 24473
21500 3.528129 0.000000 25038
22000 3.456024 0.000000 25538
22500 3.387702 0.000000 26426
23000 3.336134 0.000000 26994
23500 3.269440 0.000000 27545
24000 3.211237 0.000000 28149
24500 3.159078 0.000000 28710
25000 3.112158 0.000000 29411
25500 3.065284 0.000000 30048
26000 3.018812 0.000000 30684
26500 2.975212 0.000000 31177
27000 2.934364 0.000000 31755
27500 2.892505 0.000000 32335
28000 2.845110 0.000000 32949
28500 2.800299 0.000000 33449
29000 2.760693 0.000000 34161
29500 2.724191 0.000000 34719
30000 2.686368 0.000000 35449
30500 2.652909 0.000000 36003
31000 2.618505 0.000000 36600
31500 2.579943 0.000000 37236
32000 2.548743 0.000000 37748
32500 2.519448 0.000000 38237
33000 2.484503 0.000000 38791
33500 2.452002 0.000000 39293
34000 2.423582 0.000000 39927
34500 2.390794 0.000000 40425
35000 2.366395 0.000000 41096
35500 2.338960 0.000000 41603
36000 2.313504 0.000000 42175
36500 2.289874 0.000000 42860
37000 2.266405 0.000000 43425
37500 2.241173 0.000000 43988
38000 2.219220 0.000000 44672
38500 2.194927 0.000000 45373
39000 2.172069 0.000000 46111
39500 2.146435 0.000000 46719
40000 2.124213 0.000000 47353
40500 2.103378 0.000000 47957
41000 2.082833 0.000000 48525
41500 2.061807 0.000000 49084
42000 2.042082 0.000000 49655
42500 2.022940 0.000000 50336
43000 2.001764 0.000000 50913
43500 1.981522 0.000000 51503
44000 1.963716 0.000000 52018
44500 1.947076 0.000000 52511
45000 1.928864 0.000000 53198
45500 1.912430 0.000000 53728
46000 1.896945 0.000000 54292
46500 1.880486 0.000000 54793
47000 1.865321 0.000000 55386
47500 1.846705 0.000000 55935
48000 1.830860 0.000000 56519
48500 1.813637 0.000000 57090
49000 1.797587 0.000000 57650
49500 1.782570 0.000000 58147
50000 1.765984 0.000000 58731
50500 1.752116 0.000000 59313
51000 1.739003 0.000000 59871
51500 1.726238 0.000000 60531
52000 1.712069 0.000000 61092
52500 1.698877 0.000000 61749
53000 1.684702 0.000000 62248
53500 1.670391 0.000000 62870
54000 1.655938 0.000000 63439
54500 1.641978 0.000000 63946
55000 1.630427 0.000000 64475
55500 1.617573 0.000000 64992
56000 1.607069 0.000000 65772
56500 1.595461 0.000000 66273
57000 1.584178 0.000000 66768
57500 1.572617 0.000000 67426
58000 1.561651 0.000000 68063
58500 1.550424 0.000000 68633
59000 1.540736 0.000000 69135
59500 1.530646 0.000000 69675
60000 1.519358 0.000000 70285
60500 1.508649 0.000000 70846
61000 1.500064 0.000000 71422
61500 1.490995 0.000000 72078
62000 1.480032 0.000000 72640
62500 1.471953 0.000000 73385
63000 1.462741 0.000000 73932
63500 1.452744 0.000000 74496
64000 1.443733 0.000000 75149
64500 1.433612 0.000000 75826
65000 1.423624 0.000000 76324
65500 1.414776 0.000000 76820
66000 1.404882 0.000000 77422
66500 1.395997 0.000000 78176
67000 1.386526 0.000000 78843
67500 1.377099 0.000000 79416
68000 1.369020 0.000000 80090
68500 1.360080 0.000000 80642
69000 1.353016 0.000000 81174
69500 1.344746 0.000000 81815
70000 1.336192 0.000000 82470
70500 1.328253 0.000000 82963
71000 1.319653 0.000000 83648
71500 1.312264 0.000000 84188
72000 1.304201 0.000000 84697
72500 1.296222 0.000000 85322
73000 1.288351 0.000000 85908
73500 1.281208 0.000000 86487
74000 1.273400 0.000000 86989
74500 1.265083 0.000000 87495
75000 1.256852 0.000000 88154
75500 1.250042 0.000000 88652
76000 1.243655 0.000000 89303
76500 1.236868 0.000000 89850
77000 1.230822 0.000000 90364
77500 1.223887 0.000000 90982
78000 1.217346 0.000000 91527
78500 1.210877 0.000000 92039
79000 1.203836 0.000000 92530
79500 1.197692 0.000000 93169
80000 1.191893 0.000000 93777
80500 1.185770 0.000000 94561
81000 1.180403 0.000000 95066
81500 1.174206 0.000000 95568
82000 1.167731 0.000000 96127
82500 1.162737 0.000000 96840
83000 1.156361 0.000000 97343
83500 1.150652 0.000000 97925
84000 1.145038 0.000000 98406
84500 1.139222 0.000000 98960
85000 1.133966 0.000000 99457
85500 1.127462 0.000000 99957
86000 1.121744 0.000000 100458
86500 1.115992 0.000000 101043
87000 1.110220 0.000000 101534
87500 1.104646 0.000000 102020
88000 1.099162 0.000000 102600
88500 1.093803 0.000000 103159
89000 1.088569 0.000000 103658
89500 1.082533 0.000000 104204
90000 1.077238 0.000000 104851
90500 1.072595 0.000000 105350
91000 1.067754 0.000000 106076
91500 1.062840 0.000000 106724
92000 1.058147 0.000000 107224
92500 1.053603 0.000000 107716
93000 1.048244 0.000000 108266
93500 1.043176 0.000000 108831
94000 1.038499 0.000000 109331
94500 1.033956 0.000000 109877
95000 1.029470 0.000000 110510
95500 1.025035 0.000000 111377
96000 1.021210 0.000000 112088
96500 1.016266 0.000000 112680
97000 1.011901 0.000000 113342
97500 1.007317 0.000000 113915
98000 1.003193 0.000000 114497
98500 0.998763 0.000000 115143
99000 0.994076 0.000000 115629
99500 0.990045 0.000000 116129
100000 0.985364 0.000000 116789
