500 90.544884 3185.745361 1813
1000 90.003235 3620.046875 2515
1500 90.104668 3955.100830 3164
2000 90.440552 6250.044434 4573
2500 90.406822 10366.237305 6689
3000 90.441864 13009.689453 8284
3500 90.512383 13199.914062 8923
4000 90.729347 16660.705078 10792
4500 90.771683 17154.138672 11485
5000 90.882683 17296.269531 11997
5500 90.785034 17548.224609 12599
6000 90.781853 17784.703125 13136
6500 90.755058 18013.359375 13702
7000 90.755943 21620.652344 15516
7500 90.752060 22091.705078 16149
8000 90.823631 25700.791016 18237
8500 90.813950 29141.580078 20154
9000 90.740715 31956.003906 21827
9500 90.706528 32184.390625 22418
10000 90.743179 32338.630859 22939
10500 90.752586 32565.955078 23542
11000 90.765678 37638.593750 26069
11500 90.762268 40074.777344 27498
12000 90.765938 40479.804688 28186
12500 90.773544 43130.031250 29647
13000 90.755699 43356.929688 30235
13500 90.772835 43557.324219 30903
14000 90.781036 47008.347656 32865
14500 90.748688 48910.558594 34099
15000 90.738899 49228.082031 34704
15500 90.742294 51154.257812 36035
16000 90.754021 53992.707031 37619
16500 90.769630 57378.863281 39665
17000 90.755310 59804.773438 41185
17500 90.756073 63573.761719 43152
18000 90.753815 63578.476562 43700
18500 90.750397 63827.769531 44363
19000 90.764435 64075.664062 44904
19500 90.771309 68183.429688 47044
20000 90.783127 71672.671875 48944
20500 90.755112 72117.093750 49591
21000 90.722008 76012.656250 51555
21500 90.733192 78184.343750 52839
22000 90.734833 81756.789062 54737
22500 90.741508 87022.007812 57420
23000 90.742271 87406.554688 58071
23500 90.763077 97571.507812 62705
24000 90.733429 99244.851562 63789
24500 90.772316 105298.492188 66814
25000 90.767136 105685.742188 67456
25500 90.802597 107940.203125 68966
26000 90.789574 110639.500000 70476
26500 90.790726 110890.789062 71095
27000 90.786407 111096.703125 71637
27500 90.794212 113509.859375 72970
28000 90.788216 113621.117188 73540
28500 90.769997 113711.367188 74061
29000 90.774193 120927.054688 77319
29500 90.779510 121419.351562 77931
30000 90.793106 126100.296875 80160
30500 90.807198 126500.484375 80934
31000 90.797104 126778.992188 81628
31500 90.794037 132717.453125 84488
32000 90.802147 136907.906250 86571
32500 90.812767 140627.218750 88725
33000 90.807434 143151.328125 90346
33500 90.800529 146046.187500 92119
34000 90.778397 146371.015625 92703
34500 90.781372 151387.718750 95352
35000 90.794174 155726.328125 97541
35500 90.793091 156026.500000 98085
36000 90.801735 159717.546875 99964
36500 90.793472 160105.406250 100546
37000 90.804993 160405.796875 101144
37500 90.796227 160775.734375 101774
38000 90.800537 163901.875000 103435
38500 90.793930 169082.640625 106008
39000 90.804520 172042.468750 107735
39500 90.805229 175575.812500 109462
40000 90.805794 175950.593750 110090
40500 90.810356 175888.859375 110567
41000 90.813477 178257.156250 112078
41500 90.807549 178568.500000 112832
42000 90.809021 181532.703125 114488
42500 90.799500 182262.843750 115250
43000 90.793823 182518.671875 115908
43500 90.786537 182657.703125 116529
44000 90.795822 182932.671875 117148
44500 90.788780 184005.031250 118131
45000 90.790840 184580.234375 118819
45500 90.793304 184826.796875 119436
46000 90.786209 184927.203125 119993
46500 90.789085 185246.593750 120700
47000 90.802879 185632.937500 121327
47500 90.822243 186003.578125 121973
48000 90.821083 191741.343750 124565
48500 90.826607 198000.640625 127374
49000 90.819489 198411.250000 128073
49500 90.826210 200708.453125 129577
50000 90.833725 205956.203125 132314
50500 90.839439 206396.812500 133023
51000 90.837593 206746.656250 133664
51500 90.830650 212163.640625 136368
52000 90.834923 215601.687500 138288
52500 90.825386 217797.578125 139662
53000 90.821358 218838.781250 140638
53500 90.817909 224540.703125 143470
54000 90.810410 228059.875000 145442
54500 90.801292 228232.375000 146043
55000 90.809128 230273.562500 147290
55500 90.806023 230330.437500 147801
56000 90.810997 230458.796875 148354
56500 90.811729 230564.578125 148900
57000 90.825096 237140.562500 152027
57500 90.824135 238640.421875 153133
58000 90.803482 240988.625000 154596
58500 90.807556 244535.640625 156565
59000 90.812363 246621.312500 157918
59500 90.811745 246855.078125 158453
60000 90.819298 247824.828125 159396
60500 90.814659 251945.203125 161588
61000 90.817810 257997.515625 164580
61500 90.811142 258397.500000 165172
62000 90.810730 258679.484375 165852
62500 90.811134 262937.031250 168130
63000 90.810242 263287.187500 168739
63500 90.813416 266729.968750 170703
64000 90.816483 269429.906250 172166
64500 90.823837 275513.687500 175083
65000 90.829163 277467.625000 176339
65500 90.829124 281739.718750 178749
66000 90.828560 284604.187500 180347
66500 90.824341 284689.062500 180854
67000 90.815521 286983.468750 182383
67500 90.812950 287343.437500 182996
68000 90.812134 289059.781250 184180
68500 90.802872 289397.562500 184769
69000 90.806717 289784.843750 185374
69500 90.809402 296438.687500 188552
70000 90.803688 299528.187500 190203
70500 90.810326 300546.187500 191065
71000 90.808945 303611.343750 192794
71500 90.805641 305760.781250 194130
72000 90.805504 306279.343750 194848
72500 90.803047 311275.937500 197445
73000 90.803833 313070.375000 198637
73500 90.807137 316293.718750 200274
74000 90.801949 316528.375000 200945
74500 90.791046 316769.656250 201542
75000 90.798012 318777.281250 202744
75500 90.803108 321536.375000 204447
76000 90.799805 321886.156250 205095
76500 90.799355 321998.437500 205679
77000 90.799248 322139.656250 206285
77500 90.800774 325473.500000 208278
78000 90.800995 325905.062500 208966
78500 90.799416 330408.843750 211166
79000 90.796127 333802.625000 213038
79500 90.798988 337507.531250 215008
80000 90.795746 337983.812500 215672
80500 90.801834 338396.593750 216357
81000 90.805244 341057.093750 217960
81500 90.807205 344780.000000 219954
82000 90.806114 345344.875000 220608
82500 90.811714 347791.625000 222133
83000 90.807831 351542.625000 223990
83500 90.805817 355309.687500 225995
84000 90.807297 359428.125000 227976
84500 90.810707 360489.937500 228836
85000 90.817345 367938.187500 232214
85500 90.820938 372207.593750 234361
86000 90.817352 374123.812500 235592
86500 90.817810 374170.312500 236120
87000 90.823082 377529.687500 237886
87500 90.818939 377877.531250 238538
88000 90.823692 378043.218750 239080
88500 90.826042 378284.906250 239692
89000 90.826584 380579.437500 240993
89500 90.827942 380880.906250 241538
90000 90.826340 383880.531250 243192
90500 90.830063 384091.406250 243833
91000 90.824913 384348.875000 244456
91500 90.824387 391458.000000 247844
92000 90.828674 395142.156250 249760
92500 90.832092 398986.562500 251856
93000 90.822304 400509.812500 253042
93500 90.822762 400679.812500 253660
94000 90.826401 403137.687500 255031
94500 90.823669 403371.375000 255646
95000 90.828140 404121.187500 256407
95500 90.823792 407066.375000 258110
96000 90.830574 407337.562500 258653
96500 90.832474 407450.375000 259200
97000 90.829872 407655.812500 259726
97500 90.831337 409887.812500 261182
98000 90.832642 411784.593750 262435
98500 90.834618 412242.812500 263050
99000 90.838242 412592.437500 263677
99500 90.839615 413028.406250 264345
100000 90.843460 416322.500000 266240
